3.3546099e+02
3.3164099e+02
3.3527099e+02
4.0869099e+02
4.2067099e+02
2.5277099e+02
5.5030099e+02
3.0817099e+02
3.7074099e+02
4.3758099e+02
3.5767099e+02
4.5431099e+02
3.6595099e+02
2.7537099e+02
2.5838099e+02
2.7366099e+02
2.0323099e+02
4.5299099e+02
2.3399099e+02
3.9498099e+02
4.1764099e+02
4.5451099e+02
4.3309099e+02
4.1270099e+02
4.4997099e+02
4.1871099e+02
4.3059099e+02
5.4338099e+02
3.5232099e+02
3.7149099e+02
2.4964099e+02
3.1808099e+02
3.9692099e+02
3.6148099e+02
3.7165099e+02
5.4314099e+02
4.2780099e+02
3.8868099e+02
3.3371099e+02
4.2132099e+02
3.5713099e+02
2.0700099e+02
4.3172099e+02
5.7909099e+02
3.4387099e+02
4.1856099e+02
4.0981099e+02
3.0667099e+02
3.0738099e+02
3.8778099e+02
2.6589099e+02
1.5769099e+02
2.4672099e+02
1.8837099e+02
1.6119099e+02
1.8411099e+02
2.9351099e+02
2.8758099e+02
3.9103099e+02
5.3910099e+02
4.7814099e+02
3.7609099e+02
3.7830099e+02
5.1630099e+02
4.5736099e+02
3.8164099e+02
5.3328099e+02
4.6467099e+02
4.0991099e+02
4.6663099e+02
3.3062099e+02
4.8522099e+02
4.7095099e+02
4.8809099e+02
3.2224099e+02
4.1215099e+02
4.0616099e+02
4.1811099e+02
4.3611099e+02
3.6340099e+02
4.7004099e+02
3.1598099e+02
4.5692099e+02
4.2940099e+02
3.5212099e+02
4.7214099e+02
3.8743099e+02
5.0852099e+02
3.5943099e+02
5.6721099e+02
4.1587099e+02
5.1139099e+02
3.9140099e+02
3.0259099e+02
3.4023099e+02
3.7139099e+02
5.1641099e+02
3.1438099e+02
2.8263099e+02
2.7419099e+02
4.5248099e+02
4.3040099e+02
4.6387099e+02
3.0134099e+02
2.9082099e+02
3.7900099e+02
3.6214099e+02
4.6628099e+02
3.4058099e+02
4.1726099e+02
5.1607099e+02
4.8287099e+02
3.7703099e+02
2.8994099e+02
4.9531099e+02
3.8504099e+02
4.5329099e+02
4.6799099e+02
3.4652099e+02
4.6457099e+02
3.4204099e+02
3.3638099e+02
4.1518099e+02
3.1293099e+02
4.4896099e+02
4.4576099e+02
3.9667099e+02
4.4331099e+02
5.1582099e+02
3.1482099e+02
5.0329099e+02
5.3939099e+02
3.0102099e+02
4.5580099e+02
3.9168099e+02
3.4012099e+02
2.8988099e+02
4.9412099e+02
3.9766099e+02
3.7358099e+02
4.8528099e+02
4.3533099e+02
4.4553099e+02
4.5881099e+02
3.0050099e+02
4.3275099e+02
3.5015099e+02
4.0459099e+02
4.0526099e+02
3.4491099e+02
3.2783099e+02
3.7119099e+02
4.6567099e+02
3.4131099e+02
4.4960099e+02
3.4168099e+02
3.5075099e+02
4.0655099e+02
3.7391099e+02
3.6476099e+02
4.2075099e+02
5.1975099e+02
4.5795099e+02
4.6520099e+02
4.4220099e+02
4.8400099e+02
3.1684099e+02
3.8025099e+02
4.8060099e+02
6.4703099e+02
4.8434099e+02
4.1322099e+02
3.8918099e+02
4.7302099e+02
2.9795099e+02
3.5225099e+02
2.5691099e+02
3.3160099e+02
4.4484099e+02
3.8261099e+02
3.7814099e+02
3.5640099e+02
4.2081099e+02
6.1991099e+02
3.7261099e+02
3.8209099e+02
4.2497099e+02
3.9064099e+02
3.4840099e+02
2.7293099e+02
4.2886099e+02
2.4889099e+02
3.4788099e+02
3.9518099e+02
3.5272099e+02
3.6300099e+02
3.3668099e+02
3.1470099e+02
3.9395099e+02
2.8804099e+02
4.4677099e+02
3.7343099e+02
5.6218099e+02
4.2398099e+02
3.9389099e+02
3.8505099e+02
3.1510099e+02
2.6615099e+02
4.3120099e+02
4.6207099e+02
2.3233099e+02
4.1345099e+02
1.4188099e+02
4.4205099e+02
3.9233099e+02
4.7023099e+02
3.6684099e+02
3.8641099e+02
3.8052099e+02
4.2713099e+02
3.8908099e+02
4.4560099e+02
4.2358099e+02
3.9810099e+02
4.2614099e+02
3.1201099e+02
4.9570099e+02
2.5998099e+02
4.7851099e+02
4.0893099e+02
5.0711099e+02
3.8256099e+02
4.6705099e+02
5.2840099e+02
3.6676099e+02
3.9449099e+02
5.0888099e+02
2.2441099e+02
2.4722099e+02
4.2894099e+02
4.4301099e+02
2.2912099e+02
6.0803099e+02
6.0852099e+02
5.4144099e+02
3.5288099e+02
4.6496099e+02
4.9908099e+02
2.7732099e+02
5.7630099e+02
3.9539099e+02
4.8108099e+02
4.6817099e+02
4.0593099e+02
3.2951099e+02
5.7573099e+02
5.2344099e+02
4.6219099e+02
3.8878099e+02
5.1383099e+02
4.9566099e+02
4.7256099e+02
5.1061099e+02
3.2066099e+02
2.9074099e+02
5.2542099e+02
6.8982099e+02
4.3798099e+02
4.3181099e+02
4.3694099e+02
3.8280099e+02
4.7617099e+02
6.4790099e+02
6.6353099e+02
2.9165099e+02
3.3605099e+02
4.3791099e+02
4.1514099e+02
4.3302099e+02
5.1118099e+02
3.3536099e+02
4.3752099e+02
4.7842099e+02
4.9592099e+02
4.3866099e+02
4.1568099e+02
3.4284099e+02
4.3790099e+02
5.4296099e+02
3.9633099e+02
4.0918099e+02
2.5676099e+02
5.2692099e+02
4.8416099e+02
4.7656099e+02
5.0967099e+02
4.4424099e+02
4.3050099e+02
5.2301099e+02
4.4822099e+02
5.2097099e+02
3.9533099e+02
5.1984099e+02
5.1793099e+02
3.2800099e+02
4.2600099e+02
5.4972099e+02
4.1308099e+02
4.4475099e+02
3.6147099e+02
3.0264099e+02
3.6710099e+02
4.7864099e+02
5.4959099e+02
6.7145099e+02
5.6816099e+02
5.2564099e+02
4.7678099e+02
4.7621099e+02
5.2731099e+02
5.1250099e+02
6.3881099e+02
6.1016099e+02
4.4030099e+02
3.4058099e+02
3.3310099e+02
2.3830099e+02
4.2708099e+02
4.7792099e+02
3.3922099e+02
3.4799099e+02
2.6301099e+02
4.6798099e+02
4.3482099e+02
4.4855099e+02
5.5536099e+02
3.9071099e+02
3.7061099e+02
3.9180099e+02
3.6959099e+02
3.8795099e+02
5.6282099e+02
4.2319099e+02
3.4576099e+02
3.9914099e+02
4.5913099e+02
4.3780099e+02
6.1004099e+02
4.1032099e+02
4.4902099e+02
5.1782099e+02
3.4330099e+02
4.7134099e+02
4.3102099e+02
4.0593099e+02
4.6424099e+02
4.9745099e+02
4.5367099e+02
3.6451099e+02
4.5514099e+02
3.6375099e+02
4.8389099e+02
3.9564099e+02
5.1440099e+02
3.8198099e+02
4.9366099e+02
4.7118099e+02
3.6138099e+02
5.8282099e+02
5.2604099e+02
3.2159099e+02
5.2356099e+02
3.7025099e+02
3.1072099e+02
3.1556099e+02
3.4150099e+02
2.5114099e+02
5.2583099e+02
4.9801099e+02
3.6213099e+02
3.4109099e+02
5.3996099e+02
4.7680099e+02
4.6008099e+02
4.0566099e+02
4.5079099e+02
4.9104099e+02
4.5298099e+02
6.2743099e+02
4.5797099e+02
4.7699099e+02
3.6509099e+02
4.1951099e+02
3.3850099e+02
2.9838099e+02
3.2278099e+02
4.7591099e+02
3.7494099e+02
4.0532099e+02
3.6057099e+02
3.8768099e+02
4.2959099e+02
4.1122099e+02
3.2261099e+02
4.6775099e+02
3.2159099e+02
3.2706099e+02
3.1142099e+02
4.7595099e+02
3.7263099e+02
3.9591099e+02
5.0950099e+02
4.0504099e+02
2.8908099e+02
5.3442099e+02
2.4900099e+02
2.6691099e+02
3.3407099e+02
3.7190099e+02
4.0995099e+02
4.2778099e+02
3.4866099e+02
3.7919099e+02
3.2893099e+02
3.2967099e+02
2.8234099e+02
4.4879099e+02
4.4195099e+02
4.8085099e+02
2.8921099e+02
3.8028099e+02
4.4142099e+02
3.0146099e+02
4.9807099e+02
3.1802099e+02
3.8176099e+02
5.3912099e+02
3.9284099e+02
3.6980099e+02
3.9366099e+02
3.9593099e+02
5.0833099e+02
5.6300099e+02
2.0393099e+02
3.9700099e+02
3.6229099e+02
3.8726099e+02
2.5866099e+02
3.2332099e+02
3.5026099e+02
3.1418099e+02
3.8018099e+02
4.6224099e+02
3.9877099e+02
3.9795099e+02
3.8956099e+02
2.8255099e+02
4.4014099e+02
2.1877099e+02
3.6014099e+02
5.1456099e+02
2.8028099e+02
3.1725099e+02
3.4644099e+02
2.8831099e+02
1.1974099e+02
3.4640099e+02
2.8547099e+02
4.0691099e+02
3.5158099e+02
4.5287099e+02
2.7038099e+02
3.2854099e+02
2.1099099e+02
3.4862099e+02
1.8105099e+02
3.3854099e+02
2.6304099e+02
3.7671099e+02
3.7627099e+02
3.2539099e+02
3.0441099e+02
3.6162099e+02
2.7071099e+02
2.8252099e+02
3.7708099e+02
3.8410099e+02
2.9535099e+02
2.0848099e+02
3.5460099e+02
4.1112099e+02
4.2670099e+02
3.5439099e+02
4.2223099e+02
3.2358099e+02
2.7915099e+02
3.9238099e+02
4.3385099e+02
4.5439099e+02
3.6563099e+02
3.9237099e+02
3.8637099e+02
5.1852099e+02
4.4112099e+02
4.9749099e+02
4.9164099e+02
4.9257099e+02
2.8253099e+02
4.4568099e+02
3.7563099e+02
4.5132099e+02
4.9058099e+02
4.0207099e+02
5.2679099e+02
4.5868099e+02
3.5445099e+02
2.2327099e+02
3.3358099e+02
3.7800099e+02
3.9300099e+02
4.2667099e+02
4.6898099e+02
5.5097099e+02
5.1911099e+02
4.5177099e+02
3.8806099e+02
3.4120099e+02
4.1005099e+02
2.4720099e+02
3.8953099e+02
2.5908099e+02
4.8664099e+02
4.6573099e+02
4.1288099e+02
3.9769099e+02
3.5396099e+02
3.7445099e+02
3.8666099e+02
4.3798099e+02
4.0071099e+02
4.0656099e+02
3.0495099e+02
2.8569099e+02
3.5605099e+02
4.0343099e+02
3.7416099e+02
3.3393099e+02
2.7332099e+02
4.3064099e+02
4.8571099e+02
3.7421099e+02
2.4822099e+02
4.2293099e+02
3.9975099e+02
4.7617099e+02
3.2554099e+02
3.9958099e+02
1.3115099e+02
4.1049099e+02
2.7421099e+02
1.8685099e+02
3.4470099e+02
4.8251099e+02
4.6369099e+02
3.6842099e+02
3.2479099e+02
3.2749099e+02
2.6994099e+02
3.3536099e+02
3.6370099e+02
4.1437099e+02
3.6769099e+02
3.0377099e+02
2.3569099e+02
3.4870099e+02
4.0426099e+02
3.0327099e+02
3.8455099e+02
3.2954099e+02
2.7028099e+02
2.0961099e+02
4.0310099e+02
4.1362099e+02
3.9489099e+02
3.4816099e+02
4.3130099e+02
2.4259099e+02
2.8959099e+02
2.7233099e+02
3.4790099e+02
3.9861099e+02
3.8673099e+02
5.2693099e+02
3.2736099e+02
3.4600099e+02
5.0570099e+02
3.3510099e+02
3.8481099e+02
4.1754099e+02
2.0413099e+02
3.0538099e+02
4.9109099e+02
3.8603099e+02
3.4363099e+02
2.7082099e+02
3.2992099e+02
2.3808099e+02
4.9809099e+02
3.8207099e+02
4.2918099e+02
3.3212099e+02
3.4287099e+02
3.8645099e+02
2.5367099e+02
2.3343099e+02
3.6451099e+02
4.0855099e+02
2.8987099e+02
3.3653099e+02
3.4322099e+02
2.5970099e+02
1.5957099e+02
2.2215099e+02
4.8019099e+02
4.0232099e+02
3.8434099e+02
3.7834099e+02
2.7871099e+02
3.8124099e+02
3.3055099e+02
3.1509099e+02
4.9752099e+02
3.5431099e+02
3.5544099e+02
3.2671099e+02
4.6749099e+02
3.6123099e+02
4.1815099e+02
1.4535099e+02
1.2277099e+02
2.3737099e+02
4.1315099e+02
1.9841099e+02
2.1241099e+02
2.1208099e+02
3.1231099e+02
3.2010099e+02
3.6644099e+02
3.6808099e+02
4.0125099e+02
2.8380099e+02
4.0590099e+02
2.8058099e+02
3.3670099e+02
5.4583099e+02
3.5799099e+02
3.7920099e+02
3.1255099e+02
3.7316099e+02
3.8907099e+02
5.1637099e+02
3.0379099e+02
1.2252099e+02
3.6439099e+02
4.6655099e+02
4.4389099e+02
4.0636099e+02
4.2781099e+02
2.8247099e+02
2.7418099e+02
4.0209099e+02
2.4923099e+02
4.5846099e+02
2.9894099e+02
4.1479099e+02
3.2488099e+02
5.1904099e+02
2.1935099e+02
2.9768099e+02
3.4654099e+02
2.8347099e+02
3.5145099e+02
3.7692099e+02
3.2839099e+02
4.7738099e+02
4.0261099e+02
3.6404099e+02
2.0571099e+02
4.1891099e+02
5.6280099e+02
4.6193099e+02
2.9394099e+02
4.6541099e+02
3.1741099e+02
3.0749099e+02
2.4833099e+02
4.0264099e+02
2.8440099e+02
1.7552099e+02
2.3167099e+02
2.0610099e+02
2.0220099e+02
3.0940099e+02
6.1250991e+01
1.5862099e+02
2.9409099e+02
1.9927099e+02
1.9899099e+02
1.5686099e+02
1.8832099e+02
1.7297099e+02
1.9295099e+02
1.5148099e+02
3.3348099e+02
4.1877099e+02
1.8330099e+02
2.2022099e+02
2.9047099e+02
1.3945099e+02
1.5986099e+02
2.8252099e+02
1.2158099e+02
1.2483099e+02
2.6725099e+02
1.6064099e+02
1.5949099e+02
1.6428099e+02
2.0198099e+02
1.9019099e+02
1.4464099e+02
3.4379099e+02
2.4432099e+02
1.7022099e+02
1.6274099e+02
2.0640099e+02
3.4725099e+02
1.7556099e+02
2.4867099e+02
1.0842099e+02
3.0075099e+02
1.8005099e+02
2.6329099e+02
3.1335099e+02
3.2665099e+02
1.6329099e+02
1.9176099e+02
1.2749099e+02
2.7009099e+02
3.3167099e+02
1.4381099e+02
1.5898099e+02
2.1086099e+02
8.1590991e+01
1.9391099e+02
1.7195099e+02
2.3251099e+02
1.6255099e+02
2.2315099e+02
2.1961099e+02
2.7305099e+02
1.9639099e+02
2.1925099e+02
1.4817099e+02
2.9039099e+02
2.7599099e+02
2.9429099e+02
2.6621099e+02
2.3858099e+02
