417.579440000000
313.912773333333
298.246106666667
275.912773333333
425.912773333333
416.246106666667
466.246106666667
388.579440000000
357.912773333333
307.912773333333
283.579440000000
319.246106666667
375.912773333333
434.912773333333
428.579440000000
377.246106666667
300.912773333333
321.912773333333
363.579440000000
368.579440000000
359.246106666667
332.912773333333
388.246106666667
456.912773333333
484.246106666667
443.912773333333
394.246106666667
351.246106666667
381.246106666667
376.579440000000
455.246106666667
446.246106666667
487.579440000000
429.912773333333
410.579440000000
361.246106666667
338.912773333333
347.912773333333
371.912773333333
470.246106666667
443.246106666667
389.912773333333
341.912773333333
327.579440000000
302.246106666667
299.579440000000
392.912773333333
426.912773333333
415.912773333333
329.912773333333
310.246106666667
254.912773333333
197.579440000000
214.246106666667
223.912773333333
275.246106666667
251.579440000000
255.579440000000
338.579440000000
410.579440000000
432.579440000000
405.912773333333
431.246106666667
496.912773333333
488.246106666667
447.579440000000
361.246106666667
360.246106666667
321.912773333333
336.912773333333
417.246106666667
467.912773333333
506.912773333333
447.579440000000
387.579440000000
413.246106666667
398.912773333333
417.579440000000
405.579440000000
413.246106666667
432.246106666667
356.246106666667
354.912773333333
372.912773333333
420.246106666667
397.912773333333
377.912773333333
384.246106666667
370.246106666667
365.246106666667
350.579440000000
420.246106666667
450.912773333333
492.246106666667
421.912773333333
422.579440000000
444.246106666667
498.912773333333
484.912773333333
454.912773333333
370.579440000000
353.246106666667
335.246106666667
389.246106666667
436.912773333333
430.246106666667
398.912773333333
344.912773333333
355.579440000000
411.912773333333
451.579440000000
433.912773333333
352.912773333333
314.246106666667
351.246106666667
412.912773333333
428.912773333333
404.912773333333
407.579440000000
392.579440000000
407.912773333333
364.912773333333
391.246106666667
370.579440000000
383.246106666667
354.579440000000
349.579440000000
371.579440000000
393.246106666667
385.912773333333
328.246106666667
368.246106666667
388.579440000000
461.579440000000
398.246106666667
460.912773333333
388.912773333333
420.246106666667
376.912773333333
435.579440000000
414.579440000000
429.579440000000
390.579440000000
386.246106666667
333.579440000000
391.579440000000
357.912773333333
344.912773333333
323.579440000000
411.579440000000
419.246106666667
397.912773333333
340.579440000000
390.912773333333
461.246106666667
489.246106666667
437.579440000000
455.246106666667
492.246106666667
532.246106666667
440.246106666667
409.912773333333
408.246106666667
406.579440000000
391.579440000000
392.912773333333
411.246106666667
364.579440000000
334.246106666667
333.912773333333
361.246106666667
382.912773333333
398.912773333333
499.912773333333
492.246106666667
485.246106666667
456.912773333333
473.246106666667
496.579440000000
427.912773333333
399.912773333333
406.579440000000
422.246106666667
432.579440000000
435.246106666667
490.579440000000
501.579440000000
481.912773333333
433.912773333333
481.246106666667
427.579440000000
475.912773333333
459.912773333333
464.246106666667
374.912773333333
324.912773333333
384.246106666667
365.912773333333
397.912773333333
356.912773333333
399.579440000000
384.246106666667
394.579440000000
429.912773333333
448.912773333333
459.579440000000
454.912773333333
476.579440000000
465.579440000000
464.912773333333
523.246106666667
553.579440000000
517.579440000000
406.912773333333
401.912773333333
458.246106666667
487.579440000000
460.579440000000
366.912773333333
345.912773333333
375.246106666667
440.246106666667
447.579440000000
445.579440000000
469.912773333333
489.912773333333
531.246106666667
481.246106666667
432.246106666667
346.579440000000
331.579440000000
308.912773333333
348.579440000000
355.246106666667
383.246106666667
392.579440000000
430.912773333333
465.246106666667
487.246106666667
473.912773333333
470.579440000000
436.912773333333
457.246106666667
474.579440000000
486.246106666667
480.912773333333
415.579440000000
443.579440000000
401.579440000000
448.579440000000
393.912773333333
446.246106666667
477.579440000000
501.912773333333
473.912773333333
460.912773333333
410.246106666667
428.579440000000
404.912773333333
410.579440000000
396.579440000000
449.246106666667
549.246106666667
548.579440000000
512.246106666667
437.579440000000
425.579440000000
401.912773333333
412.579440000000
446.579440000000
511.912773333333
463.912773333333
498.246106666667
440.912773333333
529.246106666667
468.579440000000
414.912773333333
370.579440000000
369.579440000000
416.912773333333
400.246106666667
421.579440000000
360.246106666667
378.246106666667
406.912773333333
444.246106666667
465.579440000000
368.246106666667
414.579440000000
417.246106666667
477.246106666667
460.246106666667
452.912773333333
479.579440000000
454.579440000000
417.246106666667
395.246106666667
453.246106666667
445.912773333333
451.579440000000
435.579440000000
429.579440000000
414.912773333333
360.579440000000
419.246106666667
375.579440000000
438.246106666667
379.912773333333
388.246106666667
393.579440000000
388.579440000000
384.246106666667
332.579440000000
294.246106666667
351.579440000000
336.579440000000
424.246106666667
409.246106666667
421.579440000000
385.579440000000
338.912773333333
317.246106666667
343.912773333333
392.912773333333
504.246106666667
470.912773333333
520.912773333333
421.579440000000
458.912773333333
392.579440000000
458.912773333333
437.579440000000
408.579440000000
339.912773333333
379.246106666667
438.912773333333
494.246106666667
488.912773333333
511.579440000000
502.912773333333
510.246106666667
463.579440000000
427.246106666667
411.246106666667
389.246106666667
403.912773333333
367.246106666667
370.246106666667
384.246106666667
370.246106666667
362.912773333333
380.246106666667
453.579440000000
517.912773333333
481.246106666667
438.912773333333
376.912773333333
442.579440000000
428.912773333333
524.912773333333
464.246106666667
447.579440000000
352.579440000000
352.246106666667
392.912773333333
412.246106666667
392.246106666667
350.912773333333
366.246106666667
343.246106666667
347.912773333333
324.912773333333
339.246106666667
339.246106666667
364.246106666667
418.246106666667
450.579440000000
404.246106666667
433.912773333333
395.912773333333
444.246106666667
423.246106666667
486.246106666667
442.912773333333
405.912773333333
424.579440000000
441.912773333333
476.579440000000
417.579440000000
421.246106666667
429.912773333333
394.579440000000
348.246106666667
287.912773333333
320.246106666667
303.912773333333
275.912773333333
273.912773333333
349.246106666667
387.246106666667
386.246106666667
324.579440000000
265.579440000000
224.246106666667
226.579440000000
258.246106666667
303.912773333333
335.912773333333
344.912773333333
324.579440000000
292.912773333333
309.912773333333
338.912773333333
342.912773333333
361.579440000000
365.912773333333
337.579440000000
334.246106666667
315.579440000000
342.579440000000
321.246106666667
342.579440000000
364.246106666667
334.579440000000
289.579440000000
271.579440000000
274.246106666667
294.579440000000
315.246106666667
302.912773333333
278.579440000000
270.246106666667
293.246106666667
313.246106666667
289.912773333333
308.246106666667
308.912773333333
323.579440000000
288.246106666667
287.912773333333
248.912773333333
306.912773333333
306.912773333333
352.579440000000
325.579440000000
346.579440000000
355.246106666667
366.246106666667
366.246106666667
390.246106666667
405.579440000000
364.912773333333
281.246106666667
230.246106666667
280.912773333333
300.246106666667
369.912773333333
346.912773333333
429.912773333333
350.579440000000
337.579440000000
311.246106666667
333.912773333333
344.912773333333
357.912773333333
376.579440000000
335.246106666667
297.579440000000
296.912773333333
310.246106666667
349.246106666667
334.579440000000
345.246106666667
299.912773333333
353.579440000000
388.579440000000
442.579440000000
384.579440000000
352.246106666667
313.912773333333
303.912773333333
298.912773333333
282.912773333333
289.912773333333
291.912773333333
301.579440000000
305.912773333333
352.579440000000
335.912773333333
318.246106666667
265.579440000000
288.579440000000
295.579440000000
318.246106666667
296.912773333333
318.579440000000
317.579440000000
305.579440000000
263.912773333333
254.579440000000
280.579440000000
373.579440000000
348.579440000000
359.246106666667
303.246106666667
301.579440000000
316.246106666667
330.912773333333
419.579440000000
442.579440000000
405.912773333333
367.246106666667
306.246106666667
342.912773333333
315.579440000000
358.246106666667
321.579440000000
289.912773333333
257.579440000000
290.579440000000
316.579440000000
305.579440000000
300.246106666667
323.246106666667
322.912773333333
289.246106666667
291.912773333333
309.912773333333
364.246106666667
341.912773333333
336.579440000000
276.579440000000
269.912773333333
321.579440000000
339.246106666667
314.912773333333
203.912773333333
244.579440000000
273.246106666667
303.246106666667
325.579440000000
318.246106666667
331.246106666667
273.912773333333
279.579440000000
302.246106666667
295.246106666667
271.246106666667
257.246106666667
250.246106666667
262.912773333333
276.912773333333
274.912773333333
289.912773333333
280.246106666667
351.246106666667
310.579440000000
292.246106666667
256.579440000000
279.912773333333
256.912773333333
266.912773333333
308.246106666667
338.912773333333
374.912773333333
401.579440000000
458.912773333333
434.579440000000
378.246106666667
302.579440000000
223.579440000000
215.912773333333
266.579440000000
336.912773333333
383.246106666667
362.579440000000
340.912773333333
310.246106666667
347.246106666667
335.912773333333
341.246106666667
299.246106666667
301.912773333333
290.579440000000
273.246106666667
263.246106666667
320.912773333333
365.246106666667
412.246106666667
319.579440000000
332.912773333333
310.579440000000
385.579440000000
384.579440000000
366.912773333333
338.246106666667
335.246106666667
409.912773333333
420.912773333333
429.912773333333
364.912773333333
361.579440000000
319.912773333333
354.246106666667
380.579440000000
378.912773333333
311.246106666667
266.246106666667
269.579440000000
313.912773333333
273.912773333333
272.912773333333
274.579440000000
346.579440000000
335.246106666667
324.579440000000
352.579440000000
359.912773333333
372.246106666667
309.912773333333
324.579440000000
365.579440000000
445.246106666667
453.579440000000
423.246106666667
311.579440000000
321.246106666667
284.579440000000
328.246106666667
300.912773333333
303.579440000000
315.579440000000
377.246106666667
413.579440000000
379.579440000000
302.579440000000
263.912773333333
345.912773333333
443.912773333333
491.246106666667
451.246106666667
352.579440000000
333.912773333333
341.579440000000
371.579440000000
357.912773333333
323.246106666667
272.246106666667
260.579440000000
259.246106666667
293.246106666667
347.579440000000
377.579440000000
351.912773333333
335.579440000000
318.912773333333
316.246106666667
311.912773333333
330.912773333333
364.912773333333
329.246106666667
327.579440000000
368.246106666667
380.246106666667
382.579440000000
338.246106666667
300.246106666667
279.579440000000
280.246106666667
316.246106666667
328.246106666667
330.912773333333
342.579440000000
314.579440000000
301.912773333333
238.579440000000
277.246106666667
303.912773333333
320.579440000000
231.246106666667
213.579440000000
252.912773333333
390.246106666667
397.912773333333
417.579440000000
322.579440000000
343.579440000000
353.579440000000
365.579440000000
346.246106666667
357.246106666667
347.579440000000
323.579440000000
325.246106666667
329.246106666667
380.246106666667
347.246106666667
450.246106666667
494.579440000000
551.246106666667
533.912773333333
501.579440000000
523.246106666667
510.579440000000
496.912773333333
437.579440000000
473.246106666667
488.912773333333
507.246106666667
499.912773333333
532.912773333333
558.246106666667
511.912773333333
445.912773333333
379.912773333333
417.912773333333
507.912773333333
562.912773333333
564.246106666667
515.912773333333
496.912773333333
452.579440000000
453.579440000000
475.579440000000
484.246106666667
495.246106666667
486.579440000000
509.912773333333
541.912773333333
572.246106666667
553.246106666667
532.579440000000
514.246106666667
543.579440000000
521.246106666667
521.912773333333
520.912773333333
516.579440000000
452.912773333333
458.912773333333
477.912773333333
497.912773333333
451.246106666667
417.912773333333
434.912773333333
376.246106666667
302.912773333333
269.912773333333
353.912773333333
446.912773333333
516.579440000000
469.246106666667
443.579440000000
409.912773333333
447.246106666667
448.579440000000
421.912773333333
391.912773333333
408.579440000000
429.912773333333
397.912773333333
408.579440000000
375.246106666667
413.246106666667
423.912773333333
457.912773333333
507.579440000000
549.579440000000
