4.1757944e+02
3.1557944e+02
2.0857944e+02
3.7057944e+02
2.4857944e+02
6.5857944e+02
3.4157944e+02
3.9857944e+02
4.2557944e+02
2.4957944e+02
2.4857944e+02
3.5257944e+02
3.5657944e+02
4.1857944e+02
5.2957944e+02
3.3757944e+02
2.6457944e+02
3.0057944e+02
4.0057944e+02
3.8957944e+02
3.1557944e+02
3.7257944e+02
3.1057944e+02
4.8157944e+02
5.7857944e+02
3.9257944e+02
3.6057944e+02
4.2957944e+02
2.6357944e+02
4.5057944e+02
4.1557944e+02
4.9957944e+02
4.2357944e+02
5.3957944e+02
3.2657944e+02
3.6557944e+02
3.9157944e+02
2.5957944e+02
3.9257944e+02
4.6357944e+02
5.5457944e+02
3.1157944e+02
3.0357944e+02
4.1057944e+02
2.6857944e+02
2.2757944e+02
4.0257944e+02
5.4857944e+02
3.2957944e+02
3.6957944e+02
2.9057944e+02
2.7057944e+02
2.0357944e+02
1.1857944e+02
3.2057944e+02
2.3257944e+02
2.7257944e+02
2.4957944e+02
2.4457944e+02
5.2157944e+02
4.6557944e+02
3.1057944e+02
4.4157944e+02
5.4157944e+02
5.0757944e+02
4.1557944e+02
4.1957944e+02
2.4857944e+02
4.1257944e+02
3.0457944e+02
2.9357944e+02
6.5357944e+02
4.5657944e+02
4.1057944e+02
4.7557944e+02
2.7657944e+02
4.8757944e+02
4.3257944e+02
3.3257944e+02
4.5157944e+02
4.5557944e+02
3.8957944e+02
2.2357944e+02
4.5157944e+02
4.4357944e+02
3.6557944e+02
3.8457944e+02
3.8357944e+02
3.8457944e+02
3.4257944e+02
3.6857944e+02
3.4057944e+02
5.5157944e+02
4.6057944e+02
4.6457944e+02
3.4057944e+02
4.6257944e+02
5.2957944e+02
5.0457944e+02
4.2057944e+02
4.3957944e+02
2.5157944e+02
3.6857944e+02
3.8557944e+02
4.1357944e+02
5.1157944e+02
3.6557944e+02
3.1957944e+02
3.4957944e+02
3.9757944e+02
4.8857944e+02
4.6857944e+02
3.4457944e+02
2.4557944e+02
3.5257944e+02
4.5557944e+02
4.3057944e+02
4.0057944e+02
3.8357944e+02
4.3857944e+02
3.5557944e+02
4.2957944e+02
3.0957944e+02
4.3457944e+02
3.6757944e+02
3.4757944e+02
3.4857944e+02
3.5257944e+02
4.1357944e+02
4.1357944e+02
3.3057944e+02
2.4057944e+02
5.3357944e+02
3.9157944e+02
4.5957944e+02
3.4357944e+02
5.7957944e+02
2.4357944e+02
4.3757944e+02
4.4957944e+02
4.1957944e+02
3.7457944e+02
4.9457944e+02
3.0257944e+02
3.6157944e+02
3.3657944e+02
4.7657944e+02
2.6057944e+02
2.9757944e+02
4.1257944e+02
5.2457944e+02
3.2057944e+02
3.4857944e+02
3.5257944e+02
4.7157944e+02
5.5957944e+02
4.3657944e+02
3.1657944e+02
6.1257944e+02
5.4757944e+02
4.3657944e+02
3.3657944e+02
4.5657944e+02
4.3157944e+02
3.3157944e+02
4.1157944e+02
4.3557944e+02
3.8657944e+02
2.7157944e+02
3.4457944e+02
3.8557944e+02
3.5357944e+02
4.0957944e+02
4.3357944e+02
6.5657944e+02
3.8657944e+02
4.1257944e+02
5.7157944e+02
4.3557944e+02
4.8257944e+02
3.6557944e+02
3.5157944e+02
5.0257944e+02
4.1257944e+02
3.8257944e+02
5.1057944e+02
5.7857944e+02
4.1557944e+02
4.5157944e+02
4.3457944e+02
5.5757944e+02
2.9057944e+02
5.7957944e+02
5.0957944e+02
3.0357944e+02
3.1157944e+02
3.5957944e+02
4.8157944e+02
2.5657944e+02
4.5557944e+02
3.5857944e+02
3.8457944e+02
4.0957944e+02
3.8957944e+02
4.9057944e+02
4.6657944e+02
4.2157944e+02
4.7657944e+02
5.3157944e+02
3.8857944e+02
4.7457944e+02
7.0657944e+02
4.7957944e+02
3.6657944e+02
3.7457944e+02
4.6457944e+02
5.3557944e+02
4.6257944e+02
3.8357944e+02
2.5457944e+02
3.9957944e+02
4.7157944e+02
4.4957944e+02
4.2157944e+02
4.6557944e+02
5.2257944e+02
4.8157944e+02
5.8957944e+02
3.7257944e+02
3.3457944e+02
3.3257944e+02
3.2757944e+02
2.6657944e+02
4.5157944e+02
3.4757944e+02
3.5057944e+02
4.7957944e+02
4.6257944e+02
4.5357944e+02
5.4557944e+02
4.2257944e+02
4.4357944e+02
4.4457944e+02
4.8357944e+02
4.9557944e+02
4.7957944e+02
4.6757944e+02
2.9957944e+02
5.6357944e+02
3.4157944e+02
4.4057944e+02
3.9957944e+02
4.9857944e+02
5.3457944e+02
4.7257944e+02
4.1457944e+02
4.9557944e+02
3.2057944e+02
4.6957944e+02
4.2457944e+02
3.3757944e+02
4.2757944e+02
5.8257944e+02
6.3757944e+02
4.2557944e+02
4.7357944e+02
4.1357944e+02
3.8957944e+02
4.0257944e+02
4.4557944e+02
4.9157944e+02
5.9857944e+02
3.0157944e+02
5.9457944e+02
4.2657944e+02
5.6657944e+02
4.1257944e+02
2.6557944e+02
4.3357944e+02
4.0957944e+02
4.0757944e+02
3.8357944e+02
4.7357944e+02
2.2357944e+02
4.3757944e+02
5.5957944e+02
3.3557944e+02
5.0157944e+02
2.6757944e+02
4.7457944e+02
5.0957944e+02
4.4757944e+02
4.2357944e+02
4.8757944e+02
5.2757944e+02
3.4857944e+02
3.7557944e+02
4.6157944e+02
5.2257944e+02
3.5357944e+02
4.7857944e+02
4.7457944e+02
3.3557944e+02
4.3457944e+02
3.1157944e+02
5.1157944e+02
3.0357944e+02
4.9957944e+02
3.3657944e+02
3.2857944e+02
5.1557944e+02
3.2157944e+02
3.1557944e+02
3.6057944e+02
2.0657944e+02
4.8757944e+02
3.1557944e+02
4.6957944e+02
4.4257944e+02
3.5257944e+02
3.6157944e+02
3.0257944e+02
2.8757944e+02
4.4157944e+02
4.4957944e+02
6.2157944e+02
3.4157944e+02
5.9957944e+02
3.2357944e+02
4.5357944e+02
4.0057944e+02
5.2257944e+02
3.8957944e+02
3.1357944e+02
3.1657944e+02
5.0757944e+02
4.9257944e+02
4.8257944e+02
4.9157944e+02
5.6057944e+02
4.5657944e+02
5.1357944e+02
4.2057944e+02
3.4757944e+02
4.6557944e+02
3.5457944e+02
3.9157944e+02
3.5557944e+02
3.6357944e+02
4.3357944e+02
3.1357944e+02
3.4157944e+02
4.8557944e+02
5.3357944e+02
5.3457944e+02
3.7557944e+02
4.0657944e+02
3.4857944e+02
5.7257944e+02
3.6557944e+02
6.3657944e+02
3.9057944e+02
3.1557944e+02
3.5157944e+02
3.8957944e+02
4.3757944e+02
4.0957944e+02
3.2957944e+02
3.1357944e+02
4.5557944e+02
2.6057944e+02
3.2757944e+02
3.8657944e+02
3.0357944e+02
3.2757944e+02
4.6157944e+02
4.6557944e+02
4.2457944e+02
3.2257944e+02
5.5457944e+02
3.1057944e+02
4.6757944e+02
4.9157944e+02
4.9957944e+02
3.3757944e+02
3.8057944e+02
5.5557944e+02
3.8957944e+02
4.8457944e+02
3.7857944e+02
4.0057944e+02
5.1057944e+02
2.7257944e+02
2.6157944e+02
3.2957944e+02
3.6957944e+02
2.1257944e+02
2.4557944e+02
3.6357944e+02
4.3857944e+02
3.5957944e+02
3.6057944e+02
2.5357944e+02
1.8257944e+02
2.3657944e+02
2.6057944e+02
2.7757944e+02
3.7357944e+02
3.5657944e+02
3.0457944e+02
3.1257944e+02
2.6157944e+02
3.5557944e+02
3.9957944e+02
2.7357944e+02
4.1157944e+02
4.1257944e+02
1.8857944e+02
4.0157944e+02
3.5657944e+02
2.6957944e+02
3.3757944e+02
4.2057944e+02
3.3457944e+02
2.4857944e+02
2.8557944e+02
2.8057944e+02
2.5657944e+02
3.4657944e+02
3.4257944e+02
2.1957944e+02
2.7357944e+02
3.1757944e+02
2.8857944e+02
3.3357944e+02
2.4757944e+02
3.4357944e+02
3.3557944e+02
2.9157944e+02
2.3757944e+02
3.3457944e+02
1.7457944e+02
4.1157944e+02
3.3457944e+02
3.1157944e+02
3.3057944e+02
3.9757944e+02
3.3757944e+02
3.6357944e+02
3.9757944e+02
4.0957944e+02
4.0957944e+02
2.7557944e+02
1.5857944e+02
2.5657944e+02
4.2757944e+02
2.1657944e+02
4.6557944e+02
3.5857944e+02
4.6557944e+02
2.2757944e+02
3.1957944e+02
3.8657944e+02
2.9557944e+02
3.5257944e+02
4.2557944e+02
3.5157944e+02
2.2857944e+02
3.1257944e+02
3.4957944e+02
2.6857944e+02
4.2957944e+02
3.0557944e+02
3.0057944e+02
2.9357944e+02
4.6657944e+02
4.0557944e+02
4.5557944e+02
2.9257944e+02
3.0857944e+02
3.4057944e+02
2.6257944e+02
2.9357944e+02
2.9257944e+02
2.8357944e+02
2.9957944e+02
3.2157944e+02
2.9657944e+02
4.3957944e+02
2.7157944e+02
2.4357944e+02
2.8157944e+02
3.4057944e+02
2.6457944e+02
3.4957944e+02
2.7657944e+02
3.2957944e+02
3.4657944e+02
2.4057944e+02
2.0457944e+02
3.1857944e+02
3.1857944e+02
4.8357944e+02
2.4357944e+02
3.5057944e+02
3.1557944e+02
2.3857944e+02
3.9457944e+02
3.5957944e+02
5.0457944e+02
4.6357944e+02
2.4957944e+02
3.8857944e+02
2.8057944e+02
3.5957944e+02
3.0657944e+02
4.0857944e+02
2.4957944e+02
2.1157944e+02
3.1157944e+02
3.4857944e+02
2.8957944e+02
2.7857944e+02
3.3257944e+02
3.5857944e+02
2.7757944e+02
2.3157944e+02
3.6657944e+02
3.3157944e+02
3.9457944e+02
2.9957944e+02
3.1557944e+02
2.1457944e+02
2.7957944e+02
4.7057944e+02
2.6757944e+02
2.0657944e+02
1.3757944e+02
3.8957944e+02
2.9257944e+02
2.2757944e+02
4.5657944e+02
2.7057944e+02
2.6657944e+02
2.8457944e+02
2.8757944e+02
3.3457944e+02
2.6357944e+02
2.1557944e+02
2.9257944e+02
2.4257944e+02
2.5357944e+02
3.3457944e+02
2.3657944e+02
2.9857944e+02
3.0557944e+02
4.4957944e+02
1.7657944e+02
2.5057944e+02
3.4257944e+02
2.4657944e+02
1.8157944e+02
3.7257944e+02
3.7057944e+02
2.7357944e+02
4.8057944e+02
4.5057944e+02
4.4557944e+02
4.0757944e+02
2.8157944e+02
2.1857944e+02
1.7057944e+02
2.5857944e+02
3.7057944e+02
3.8157944e+02
3.9757944e+02
3.0857944e+02
3.1657944e+02
3.0557944e+02
4.1957944e+02
2.8257944e+02
3.2157944e+02
2.9357944e+02
2.9057944e+02
2.8757944e+02
2.4157944e+02
2.6057944e+02
4.6057944e+02
3.7457944e+02
4.0157944e+02
1.8257944e+02
4.1457944e+02
3.3457944e+02
4.0757944e+02
4.1157944e+02
2.8157944e+02
3.2157944e+02
4.0257944e+02
5.0557944e+02
3.5457944e+02
4.2957944e+02
3.1057944e+02
3.4457944e+02
3.0457944e+02
4.1357944e+02
4.2357944e+02
2.9957944e+02
2.1057944e+02
2.8857944e+02
3.0957944e+02
3.4357944e+02
1.6857944e+02
3.0657944e+02
3.4857944e+02
3.8457944e+02
2.7257944e+02
3.1657944e+02
4.6857944e+02
2.9457944e+02
3.5357944e+02
2.8157944e+02
3.3857944e+02
4.7657944e+02
5.2057944e+02
3.6357944e+02
3.8557944e+02
1.8557944e+02
3.9257944e+02
2.7557944e+02
3.1657944e+02
3.1057944e+02
2.8357944e+02
3.5257944e+02
4.9557944e+02
3.9257944e+02
2.5057944e+02
2.6457944e+02
2.7657944e+02
4.9657944e+02
5.5857944e+02
4.1857944e+02
3.7657944e+02
2.6257944e+02
3.6257944e+02
3.9957944e+02
3.5257944e+02
3.2157944e+02
2.9557944e+02
1.9957944e+02
2.8657944e+02
2.9157944e+02
3.0157944e+02
4.4957944e+02
3.8157944e+02
2.2457944e+02
4.0057944e+02
3.3157944e+02
2.1657944e+02
3.8757944e+02
3.8857944e+02
3.1857944e+02
2.8057944e+02
3.8357944e+02
4.4057944e+02
3.1657944e+02
3.9057944e+02
3.0757944e+02
2.0257944e+02
3.2857944e+02
3.0957944e+02
3.1057944e+02
3.6457944e+02
3.1757944e+02
3.4557944e+02
2.8057944e+02
2.7957944e+02
1.5557944e+02
3.9657944e+02
3.5957944e+02
2.0557944e+02
1.2857944e+02
3.0657944e+02
3.2357944e+02
5.4057944e+02
3.2957944e+02
3.8257944e+02
2.5557944e+02
3.9257944e+02
4.1257944e+02
2.9157944e+02
3.3457944e+02
4.4557944e+02
2.6257944e+02
2.6257944e+02
4.5057944e+02
2.7457944e+02
4.1557944e+02
3.5157944e+02
5.8357944e+02
5.4857944e+02
5.2157944e+02
5.3157944e+02
4.5157944e+02
5.8657944e+02
4.9357944e+02
4.1057944e+02
4.0857944e+02
6.0057944e+02
4.5757944e+02
4.6357944e+02
5.7857944e+02
5.5657944e+02
5.3957944e+02
4.3957944e+02
3.5857944e+02
3.4157944e+02
5.5357944e+02
6.2857944e+02
5.0657944e+02
5.5757944e+02
4.8357944e+02
4.4957944e+02
4.2457944e+02
4.8657944e+02
5.1557944e+02
4.5057944e+02
5.1957944e+02
4.8957944e+02
5.2057944e+02
6.1557944e+02
5.8057944e+02
4.6357944e+02
5.5357944e+02
5.2557944e+02
5.5157944e+02
4.8657944e+02
5.2757944e+02
5.4857944e+02
4.7357944e+02
3.3657944e+02
5.6657944e+02
5.3057944e+02
3.9657944e+02
4.2657944e+02
4.3057944e+02
4.4757944e+02
2.5057944e+02
2.1057944e+02
3.4857944e+02
5.0257944e+02
4.8957944e+02
5.5757944e+02
3.6057944e+02
4.1257944e+02
4.5657944e+02
4.7257944e+02
4.1657944e+02
3.7657944e+02
3.8257944e+02
4.6657944e+02
4.4057944e+02
2.8657944e+02
4.9857944e+02
3.4057944e+02
4.0057944e+02
5.3057944e+02
4.4257944e+02
5.4957944e+02
