2471.0
2364.0
2412.0
2753.0
2502.0
2383.0
2356.0
2370.0
2532.0
2299.0
2407.0
2518.0
2326.0
2368.0
2435.0
2382.0
2646.0
2379.0
2322.0
2437.0
2493.0
2394.0
2457.0
2571.0
2577.0
2313.0
2248.0
2398.0
2523.0
2452.0
2758.0
2346.0
2380.0
2626.0
2690.0
2509.0
2432.0
2452.0
2589.0
2419.0
2634.0
2307.0
2456.0
2536.0
2431.0
2468.0
2332.0
2268.0
2606.0
2432.0
2585.0
2320.0
2312.0
2513.0
2327.0
2452.0
2490.0
2455.0
2372.0
2530.0
2513.0
2335.0
2445.0
2550.0
2392.0
2440.0
2430.0
2431.0
2275.0
2365.0
2443.0
2376.0
2425.0
2495.0
2477.0
2323.0
2393.0
2361.0
2415.0
2492.0
2474.0
2478.0
2300.0
2256.0
2454.0
2405.0
2406.0
2440.0
2417.0
2595.0
2382.0
2288.0
3235.0
3901.0
3173.0
4102.0
4541.0
4288.0
3796.0
3716.0
4697.0
3368.0
3794.0
4830.0
4758.0
3558.0
4319.0
4577.0
5096.0
4281.0
3962.0
4016.0
4238.0
4776.0
4360.0
4474.0
4507.0
3915.0
4586.0
4371.0
3478.0
3695.0
3433.0
3957.0
4353.0
3387.0
4060.0
4625.0
4762.0
4267.0
4379.0
3674.0
3811.0
3937.0
4059.0
3825.0
3172.0
3599.0
4205.0
4061.0
3879.0
4378.0
4044.0
3861.0
3867.0
4107.0
3818.0
4695.0
3373.0
3652.0
4409.0
2948.0
3440.0
2843.0
4650.0
3991.0
4525.0
4113.0
4366.0
3975.0
4106.0
3496.0
4414.0
4532.0
4416.0
4372.0
4320.0
4008.0
3955.0
4068.0
4074.0
3895.0
4361.0
3563.0
4159.0
4200.0
4056.0
4080.0
3674.0
3802.0
3302.0
3276.0
3851.0
4234.0
3488.0
3672.0
3969.0
4445.0
3989.0
3813.0
4081.0
3967.0
4290.0
3991.0
3927.0
4714.0
5232.0
4927.0
4621.0
4011.0
4318.0
4361.0
3410.0
4282.0
3720.0
4205.0
3701.0
4226.0
4160.0
4407.0
4651.0
4893.0
5913.0
5463.0
5315.0
5240.0
5120.0
5261.0
5863.0
6347.0
5903.0
4643.0
5726.0
5622.0
5338.0
5438.0
5369.0
5396.0
5907.0
6045.0
5981.0
7072.0
6946.0
6154.0
6409.0
7365.0
6178.0
6768.0
5686.0
7328.0
