2452.77083333
2452.77083333
2452.77083333
2452.77083333
2452.77083333
2452.77083333
2452.77083333
2452.77083333
2452.77083333
2452.77083333
2452.77083333
2452.77083333
2452.77083333
2452.77083333
2452.77083333
2452.77083333
2452.77083333
2452.77083333
2452.77083333
2452.77083333
2452.77083333
2452.77083333
2452.77083333
2452.77083333
2452.77083333
2452.77083333
2452.77083333
2452.77083333
2452.77083333
2452.77083333
2452.77083333
2452.77083333
2452.77083333
2452.77083333
2452.77083333
2452.77083333
2452.77083333
2452.77083333
2452.77083333
2452.77083333
2452.77083333
2452.77083333
2452.77083333
2452.77083333
2452.77083333
2452.77083333
2452.77083333
2452.77083333
3130.15789474
3130.15789474
3130.15789474
3130.15789474
3130.15789474
3130.15789474
3130.15789474
3130.15789474
3130.15789474
3130.15789474
3130.15789474
3130.15789474
3130.15789474
3130.15789474
3130.15789474
3130.15789474
3130.15789474
3130.15789474
3130.15789474
4613.2173913
4613.2173913
4613.2173913
4613.2173913
4613.2173913
4613.2173913
4613.2173913
4613.2173913
4613.2173913
4613.2173913
4613.2173913
4613.2173913
4613.2173913
4613.2173913
4613.2173913
4613.2173913
4613.2173913
4613.2173913
4613.2173913
4613.2173913
4613.2173913
4613.2173913
4613.2173913
4613.2173913
4613.2173913
4613.2173913
4613.2173913
4613.2173913
4613.2173913
4613.2173913
4613.2173913
4613.2173913
4613.2173913
4613.2173913
4613.2173913
4613.2173913
4613.2173913
4613.2173913
4613.2173913
4613.2173913
4613.2173913
4613.2173913
4613.2173913
4613.2173913
4613.2173913
4613.2173913
4613.2173913
4613.2173913
4613.2173913
4613.2173913
4613.2173913
4613.2173913
4613.2173913
4613.2173913
4613.2173913
4613.2173913
4613.2173913
4613.2173913
4613.2173913
4613.2173913
4613.2173913
4613.2173913
4613.2173913
4613.2173913
4613.2173913
4613.2173913
4613.2173913
4613.2173913
4613.2173913
5351.35714286
5351.35714286
5351.35714286
5351.35714286
5351.35714286
5351.35714286
5351.35714286
5351.35714286
5351.35714286
5351.35714286
5351.35714286
5351.35714286
5351.35714286
5351.35714286
