7328
5686
6768
6178
7365
6409
6154
6946
7072
5981
6045
5907
5396
5369
5438
5338
5622
5726
4643
5903
6347
5863
5261
5120
5240
5315
5463
5913
4893
4651
4407
4160
4226
3701
4205
3720
4282
3410
4361
4318
4011
4621
4927
5232
4714
3927
3991
4290
3967
4081
3813
3989
4445
3969
3672
3488
4234
3851
3276
3302
3802
3674
4080
4056
4200
4159
3563
4361
3895
4074
4068
3955
4008
4320
4372
4416
4532
4414
3496
4106
3975
4366
4113
4525
3991
4650
2843
3440
2948
4409
3652
3373
4695
3818
4107
3867
3861
4044
4378
3879
4061
4205
3599
3172
3825
4059
3937
3811
3674
4379
4267
4762
4625
4060
3387
4353
3957
3433
3695
3478
4371
4586
3915
4507
4474
4360
4776
4238
4016
3962
4281
5096
4577
4319
3558
4758
4830
3794
3368
4697
3716
3796
4288
4541
4102
3173
3901
3235
2288
2382
2595
2417
2440
2406
2405
2454
2256
2300
2478
2474
2492
2415
2361
2393
2323
2477
2495
2425
2376
2443
2365
2275
2431
2430
2440
2392
2550
2445
2335
2513
2530
2372
2455
2490
2452
2327
2513
2312
2320
2585
2432
2606
2268
2332
2468
2431
2536
2456
2307
2634
2419
2589
2452
2432
2509
2690
2626
2380
2346
2758
2452
2523
2398
2248
2313
2577
2571
2457
2394
2493
2437
2322
2379
2646
2382
2435
2368
2326
2518
2407
2299
2532
2370
2356
2383
2502
2753
2412
2364
2471
