5236
5568
5418
5631
4905
5283
5255
5938
5203
5051
5576
5259
5448
5148
4678
4975
5175
5061
4867
4999
5171
4947
4896
5344
4942
5272
5452
4934
5740
5661
5182
4994
4801
4530
4395
4606
4498
4165
4106
4442
4391
4517
4439
4465
4561
4635
4723
4529
4849
4739
4239
4342
4506
4139
5261
4629
4831
4254
3961
4873
4625
4301
4505
3989
4370
4557
4548
4406
4504
4460
4333
4204
4038
4314
4463
3882
4301
4025
4376
4335
4712
4639
3709
3531
3341
2999
3006
3194
3209
3023
3177
3118
3189
3195
2989
3004
3347
3307
3173
3406
2744 
2521 
2509 
2362 
2465 
2473 
2547 
2310 
2536 
2419 
2346 
2574 
2529 
2443 
2421 
2452 
2317 
2455 
2485 
2656 
2287 
2315 
2619 
2548 
2480 
2442 
2352 
2409 
2564 
2433 
2371 
2572 
2541 
2525 
2595 
2337 
2575 
2571 
2325 
2501 
2359 
2402 
2358 
2391 
2557 
2268 
2409 
2391 
2558 
2379 
2244 
2536 
2423 
2482 
2429 
2278 
2258 
2300 
2440 
2427 
2381 
2233 
2229 
2342 
2240 
2251 
2311 
2202 
2103 
2183 
2246 
2256 
2289 
2225 
2304 
2340 
2260 
2294 
2235 
2297 
2182 
2269 
2249 
2268 
2252 
2263 
2393 
2229 
2265 
2281 
2340 
2228 
2247 
2235 
2287 
2262 
2320 
2199 
2478 
2206 
2446 
2289 
2371 
2323 
2371 
2250 
2334 
2163 
2290 
2262 
2375 
2222 
2290 
2318 
2340 
2218 
2237 
2314 
2376 
2323 
2292 
2516 
2324 
2325 
2298 
2249 
2198 
2288 
2254 
2210 
2301 
2232 
2327 
2506 
2444 
2506 
2358 
2661 
2443 
2409 
2579 
2439 
2253 
2242 
2304 
2219 
